,sum,age,female,hh_members,hh_children_dummy,location_urban_index,dom_situation_dummy,edu_index
sum,1.0,-0.164,0.081,0.043,0.042,0.039,0.04,0.198
age,-0.164,1.0,-0.129,-0.385,-0.424,-0.087,-0.129,-0.04
female,0.081,-0.129,1.0,0.006,0.027,0.04,-0.016,-0.082
hh_members,0.043,-0.385,0.006,1.0,0.78,-0.188,0.642,-0.116
hh_children_dummy,0.042,-0.424,0.027,0.78,1.0,-0.159,0.467,-0.107
location_urban_index,0.039,-0.087,0.04,-0.188,-0.159,1.0,-0.191,0.153
dom_situation_dummy,0.04,-0.129,-0.016,0.642,0.467,-0.191,1.0,-0.04
edu_index,0.198,-0.04,-0.082,-0.116,-0.107,0.153,-0.04,1.0
